   0 11111111111111111111111111111111111111111111111111111111111000000000000000000000001222222222222222222222222222222222000000000000
   1 11111111111111111111111111111111111111111111111111111111111000000000000000000000001222222222222222222222222222222222000000000000
   2 11111111111111111111111111111111111111111111111111111111111000000000000000000000001222222222222222222222222222222222000000000000
   3 11111111111111111111111111111111111111111111111111111111111000000000000000000000001222222222222222222222222222222222000000000000
   4 11111111111111111111111111111111111111111111111111111111111000000000000000000000001222222222222222222222222222222222000000000000
   5 11111111111111111111111111111111111111111111111111111111111000000000000000000000001222222222222222222222222222222222000000000000
   6 11111111111111111111111111111111111111111111111111111111111000000000000000000000001222222222222222222222222222222222000000000000
   7 11111111111111111111111111111111111111111111111111111111111000000000000000000000001222222222222222222222222222222222000000000000
   8 11111111111111111111111111111111111111111111111111111111111000000000000000000000001222222222222222222222222222222222000000000000
   9 11111111111111111111111111111111111111111111111111111111111000000000000000000000001222222222222222222222222222222222000000000000
  10 11111111111111111111111111111111111111111111111111111111111000000000000000000000001222222222222222222222222222222222000000000000
  11 11111111111111111111111111111111111111111111111111111111100000000000000000000000002222222222222222222222222222222222000000000000
  12 11111111111111111111111111111111111111111111111111111111000000000000000000000000001222222222222222222222222222222222000000000000
  13 11111111111111111111111111111111111111111111111111111111000000000000000000000000001222222222222222222222222222222222000000000000
  14 11111111111111111111111111111111111111111111111111111111000000000000000000000000001122222222222222222222222222222222000000000000
  15 11111111111111111111111111111111111111111111111111111111000000000000000000000000000112222222222222222222222222222222000000000000
  16 11111111111111111111111111111111111111111111111111111111000000000000000000000000000011222222222222222222222222222222000000000000
  17 11111111111111111111111111111111111111111111111111111111000000000000000000000000000001122222222222222222222222222222000000000000
  18 11111111111111111111111111111111111111111111111111111111000000000000000000000000000000112222222222222222222222222222000000000000
  19 11111111111111111111111111111111111111111111111111111111000000000000000000000000000000011222222222222222222222222222000000000000
  20 11111111111111111111111111111111111111111111111111111111100000000000000000000000000000002222222222222222222222222222000000000000
  21 11111111111111111111111111111111111111111111111111111111111000000000000000000000000000000112222222222222222222222222000000000000
  22 11111111111111111111111111111111111111111111111111111111111000000000000000000000000000000011222222222222222222222222000000000000
  23 11111111111111111111111111111111111111111111111111111111111100000000000000000000000000000001122222222222222222222222000000000000
  24 11111111111111111111111111111111111111111111111111111111111100000000000000000000000000000000112222222222222222222222000000000000
  25 11111111111111111111111111111111111111111111111111111111111100000000000000000000000000000000012222222222222222222222000000000000
  26 11111111111111111111111111111111100000011111111111111111111000000000000000000000000000000000001122222222222222222222000000000000
  27 11111111111111111111111111111111000000000111111111111111110000000000000000000000000000000000000112222222222222222222000000000000
  28 11111111111111111111111111111110000000000011111111111111110000000000000000000000000000000000000011222222222222222222000000000000
  29 11111111111111111111111111111110000000000001111111111111110000000000000000000000000000000000000001122222222222222222000000000000
  30 11111111111111111111111111111110000000000000111111111111110000000000000000000000000000000000000000112222222222222222000000000000
  31 11111111111111111111111111111110000000000000111111111111101000000000000000000000000000000000000000011222222222222222000000000000
  32 11111111111111111111111111111110000000000000001111111110000000000000000000000000000000000000000000001122222222222222000000000000
  33 11111111111111111111111111111111000000000000001111111100000000000000000000000000000000000000000000000111111111112111000000000000
  34 11111111111111111111111111111111100000000000001111111110000000000000000000000000000000000000000000000000000000000000000000000000
  35 11111111111111111111111111111111111000000000001111000000000000000000000000000000000000000000000000000000000000000000000000000000
  36 11111111111111111111111111111111111100000000001000000000000000000000000000000000000000000000000000000000000000000000000000000000
  37 11111111111111111111111111111111111100000000000000000000000000000000000000000000000000000000000000000000000000000000000000000000
  38 11111111111111111111111111111111111111000000000000000000000000000000000000000000000000000000000000000000000000000000000000000000
  39 11111111111111111111111111111111111111000000000000000000000000000000000000000000000000000000000000000000000000000000000000000000
  40 11111111111111111111111111111111111111000000000000000000000000000000000000000000000000000000000000000000000000000000000000000000
  41 11111111111111111111111111111111111111000000000000000000000000000000000000000000000000000000000000000000000000000000000000000000
  42 11111111111111111111111111111111111111000000000000000000000000000000000000000000000000000000000000000000000000000000000000000000
  43 11111111111111111111111111111111111111000000000000000000000000000000000000000000000000000000000000000000000000000000000000000000
  44 11111111111111111111111111111111111111000000000000000000000000000000000000000000000000000000000000000000000000000000000000000000
  45 11111111111111111111111111111111111111000000000000000000000000000000000000000000000000000000000000000000000000000000000000000000
  46 11111111111111111111111111111111111111000000000000000000000000000000000000000000000000000000000000000000000000000000000000000000
  47 11111111111111111111111111111111111111100000000000000000000000000000000000000000000000000000000000000000000000000000000000000000
  48 11111111111111111111111111111111111111000000000000000000000000000000000000000000000000000000000000000000000000000000000000000000
  49 11111111111111111111111111111111111111000000000000000000000000000000000000000000000000000000000000000000000000000000000000000000
  50 11111111111111111111111111111111111110000000000000000000000000000000000000000000000000000000000000000000000000000000000000000000
  51 11111111111111111111111111111111110000000000000000000000000000000000000000000000000000000000000000000000000000000000000000000000
  52 11111111111111111111111111111111110000000000000000000000000000000000000000000000000000000000000000000000000000000000000000000000
  53 11111111111111111111111111111111110000000000000000000000000000000000000000000000000000000000000000000000000000000000000000000000
  54 11111111111111111111111111111111111000000000000000000000000000000000000000000000000000000000000000000000000000000000000000000000
  55 11111111111111111111111111111111111000000000000000000000000000000000000000000000000000000000000000000000000000000000000000000000
  56 11111111111111111111111111111111110000000000000000000000000000000000000000000000000001111000000000000000000000000000000000000000
  57 11110000000111111111100001111111110000000000000000000000000000000000000000000000000111111100000110000111000000001111000000000000
  58 11110000000011100001100000111111100000000000000000000000000000000000000000000000001111111110000111111111100000001111000000000000
  59 00000000000000000000000000011110000000000000000000000000000000000000000000000000001111111111111111111111111111111111000000000000
  60 00000000000000000000000000000000000000000000000000000000000000000000000000000000011111111111111111111111111111111111000000000000
  61 00000000000000000000000000000000000000000000000000000000000000000000000000000000011111111111111111111111111111111111000000000000
  62 00000000000000000000000000000000000000000000000000000000000000000000000000000000001111111111111111111111111111111111000000000000
  63 00000000000000000000000000000000000000000000000000000000000000000000000000000000001111111111111111111111111111111111000000000000
  64 00000000000000000000000000000000000000000000000000000000000000000000000000000000001111111111111111111111111111111111000000000000
  65 00000000000000000000000000000000000000000000000000000000000000000000000000000001111111111111111111111111111111111111000000000000
  66 00000000000000000000000000000000000000000000000000000000000000000000000000000011111111111111111111111111111111111111000000000000
  67 00000000000000000000000000000000000000000000000000000000000000000000000000000011111111111111111111111111111111111111000000000000
  68 00000000000000000000000000000000000000000000000000000000000000000000000000000111111111111111111111111111111111111111000000000000
  69 00000000000000000000000000000000000000000000000000000000000000000000000000000011111111111111111111111111111111111111000000000000
  70 00000000000000000000000000000000000000000000000000000000000000000000000000000011111111111111111111111111111111111111000000000000
  71 00000000000000000000000000000000000000000000000000000000000000000000000000000011111111111111111111111111111111111111000000000000
  72 00000000000000000000000000000000000000000000000000000000000000000000000000000011111111111111111111111111111111111111000000000000
  73 00000000000000000000000000000000000000000000000000000000000000000000000000000011111111111111111111111111111111111111000000000000
  74 00000000000000000000000000000000000000000000000000000000000000000000000000000011111111111111111111111111111111111111000000000000
  75 00000000000000000000000000000000000000000000000000000000000000000000000000000011111111111111111111111111111111111111000000000000
  76 00000000000000000000000000000000000000000000000000000000000000000000000000000011111111111111111111111111111111111111000000000000
  77 00000000000000000000000000000000000000000000000000000000000000000000000000000011111111111111111111111111111111111111000000000000
  78 00000000000000000000000000000000000000000000000000000000000000000000000000000000111111111111111111111111111111111111000000000000
  79 00000000000000000000000000000000000000000000000000000000000000000000010000000000111111111111111111111111111111111111000000000000
  80 00000000000000000000000000000000000000000000000000000000000000000011110000000000011111111111111111111111111111111111000000000000
  81 00000000000000000000000000000000000000000000000000000000000001111111110000000000000111111111111111111111111111111111000000000000
  82 11121111111111100000000000000000000000000000000000000000000000111111110000000000000011111111111111111111111111111111000000000000
  83 22222222222222110000000000000000000000000000000000000000000001111111110000000000000001111111111111111111111111111111000000000000
  84 22222222222222211000000000000000000000000000000000000000010111111111111100000000000001111111111111111111111111111111000000000000
  85 22222222222222221100000000000000000000000000000000000000001111111111111100000000000001111111111111111111111111111111000000000000
  86 22222222222222222110000000000000000000000000000000000000001111111111111110000000000001111111111111111111111111111111000000000000
  87 22222222222222222211000000000000000000000000000000000000001111111111111111000000000001111111111111111111111111111111000000000000
  88 22222222222222222221100000000000000000000000000000000000001111111111111111100000000011111111111111111111111111111111000000000000
  89 22222222222222222222110000000000000000000000000000000000011111111111111111111000000111111111111111111111111111111111000000000000
  90 22222222222222222222221000000000000000000000000000000000111111111111111111111111111111111111111111111111111111111111000000000000
  91 22222222222222222222221100000000000000000000000000000000111111111111111111111111111111111111111111111111111111111111000000000000
  92 22222222222222222222222110000000000000000000000000000000111111111111111111111111111111111111111111111111111111111111000000000000
  93 22222222222222222222222211000000000000000000000000000000011111111111111111111111111111111111111111111111111111111111000000000000
  94 22222222222222222222222221100000000000000000000000000000011111111111111111111111111111111111111111111111111111111111000000000000
  95 22222222222222222222222222220000000000000000000000000000000111111111111111111111111111111111111111111111111111111111000000000000
  96 22222222222222222222222222211000000000000000000000000000000011111111111111111111111111111111111111111111111111111111000000000000
  97 22222222222222222222222222221100000000000000000000000000000011111111111111111111111111111111111111111111111111111111000000000000
  98 22222222222222222222222222222110000000000000000000000000000011111111111111111111111111111111111111111111111111111111000000000000
  99 22222222222222222222222222222211000000000000000000000000000011111111111111111111111111111111111111111111111111111111000000000000
 100 22222222222222222222222222222221100000000000000000000000000011111111111111111111111111111111111111111111111111111111000000000000
 101 22222222222222222222222222222222110000000000000000000000000011111111111111111111111111111111111111111111111111111111000000000000
 102 22222222222222222222222222222222210000000000000000000000000011111111111111111111111111111111111111111111111111111111000000000000
 103 22222222222222222222222222222222210000000000000000000000000011111111111111111111111111111111111111111111111111111111000000000000
 104 22222222222222222222222222222222220000000000000000000000000111111111111111111111111111111111111111111111111111111111000000000000
 105 22222222222222222222222222222222210000000000000000000000011111111111111111111111111111111111111111111111111111111111000000000000
 106 22222222222222222222222222222222210000000000000000000000011111111111111111111111111111111111111111111111111111111111000000000000
 107 22222222222222222222222222222222210000000000000000000000011111111111111111111111111111111111111111111111111111111111000000000000
 108 22222222222222222222222222222222210000000000000000000000011111111111111111111111111111111111111111111111111111111111000000000000
 109 22222222222222222222222222222222210000000000000000000000011111111111111111111111111111111111111111111111111111111111000000000000
 110 22222222222222222222222222222222210000000000000000000000011111111111111111111111111111111111111111111111111111111111000000000000
 111 22222222222222222222222222222222210000000000000000000000011111111111111111111111111111111111111111111111111111111111000000000000
 112 22222222222222222222222222222222210000000000000000000000011111111111111111111111111111111111111111111111111111111111000000000000
 113 22222222222222222222222222222222210000000000000000000000011111111111111111111111111111111111111111111111111111111111000000000000
 114 22222222222222222222222222222222210000000000000000000000011111111111111111111111111111111111111111111111111111111111000000000000
 115 22222222222222222222222222222222210000000000000000000000011111111111111111111111111111111111111111111111111111111111000000000000
 116 00000000000000000000000000000000000000000000000000000000000000000000000000000000000000000000000000000000000000000000000000000000
 117 00000000000000000000000000000000000000000000000000000000000000000000000000000000000000000000000000000000000000000000000000000000
 118 00000000000000000000000000000000000000000000000000000000000000000000000000000000000000000000000000000000000000000000000000000000
 119 00000000000000000000000000000000000000000000000000000000000000000000000000000000000000000000000000000000000000000000000000000000
 120 00000000000000000000000000000000000000000000000000000000000000000000000000000000000000000000000000000000000000000000000000000000
 121 00000000000000000000000000000000000000000000000000000000000000000000000000000000000000000000000000000000000000000000000000000000
 122 00000000000000000000000000000000000000000000000000000000000000000000000000000000000000000000000000000000000000000000000000000000
 123 00000000000000000000000000000000000000000000000000000000000000000000000000000000000000000000000000000000000000000000000000000000
 124 00000000000000000000000000000000000000000000000000000000000000000000000000000000000000000000000000000000000000000000000000000000
 125 00000000000000000000000000000000000000000000000000000000000000000000000000000000000000000000000000000000000000000000000000000000
 126 00000000000000000000000000000000000000000000000000000000000000000000000000000000000000000000000000000000000000000000000000000000
 127 00000000000000000000000000000000000000000000000000000000000000000000000000000000000000000000000000000000000000000000000000000000
